01074 -- (0.00, 0.00)01075 -- (0.00, 0.00)
01076 -- (0.00, 0.00)
01077 -- (0.00, 0.00)
01078 -- (0.00, 0.00)
01079 -- (0.00, 0.00)
01080 -- (0.00, 0.00)
01081 -- (0.00, 0.00)
01082 -- (0.00, 0.00)
01083 -- (0.00, 0.00)
01084 -- (0.00, 0.00)
01085 -- (0.00, 0.00)
01086 -- (0.00, 0.00)
01087 -- (0.00, 0.00)
01088 -- (0.00, 0.00)
01089 -- (0.00, 0.00)
01090 -- (0.00, 0.00)
01091 -- (0.00, 0.00)
01092 -- (0.00, 0.00)
01093 -- (0.00, 0.00)
01094 -- (0.00, 0.00)
01095 -- (0.00, 0.00)
01096 -- (0.00, 0.00)
01097 -- (0.00, 0.00)
01098 -- (0.00, 0.00)
01099 -- (0.00, 0.00)
01100 -- (0.00, 0.00)
01101 -- (0.00, 0.00)
01102 -- (0.00, 0.00)
01103 -- (0.00, 0.00)
01104 -- (0.00, 0.00)
01105 -- (0.00, 0.00)
01106 -- (0.00, 0.00)
01107 -- (0.00, 0.00)
01108 -- (0.00, 0.00)
01109 -- (0.00, 0.00)
01110 -- (0.00, 0.00)
01111 -- (0.00, 0.00)
01112 -- (0.00, 0.00)
01113 -- (0.00, 0.00)
01114 -- (0.00, 0.00)
01115 -- (0.00, 0.00)
01116 -- (0.00, 0.00)
01117 -- (0.00, 0.00)
01118 -- (0.00, 0.00)
01119 -- (0.00, 0.00)
01120 -- (0.00, 0.00)
01121 -- (0.00, 0.00)
01122 -- (0.00, 0.00)
01123 -- (0.00, 0.00)
01124 -- (0.00, 0.00)
01125 -- (0.00, 0.00)
01126 -- (0.00, 0.00)
01127 -- (0.00, 0.00)
01128 -- (0.00, 0.00)
01129 -- (0.00, 0.00)
01130 -- (0.00, 0.00)
01131 -- (0.00, 0.00)
01132 -- (0.00, 0.00)
01133 -- (0.00, 0.00)
01134 -- (0.00, 0.00)
01135 -- (0.00, 0.00)
01136 -- (0.00, 0.00)
01137 -- (0.00, 0.00)
01138 -- (0.00, 0.00)
01139 -- (0.00, 0.00)
01140 -- (0.00, 0.00)
01141 -- (0.00, 0.00)
01142 -- (0.00, 0.00)
01143 -- (0.00, 0.00)
01144 -- (0.00, 0.00)
01145 -- (0.00, 0.00)
01146 -- (0.00, 0.00)
01147 -- (0.00, 0.00)
01148 -- (0.00, 0.00)
01149 -- (0.00, 0.00)
01150 -- (0.00, 0.00)
01151 -- (0.00, 0.00)
01152 -- (0.00, 0.00)
01153 -- (0.00, 0.00)
01154 -- (0.00, 0.00)
01155 -- (0.00, 0.00)
01156 -- (0.00, 0.00)
01157 -- (0.00, 0.00)
01158 -- (0.00, 0.00)
01159 -- (0.00, 0.00)
01160 -- (0.00, 0.00)
01161 -- (0.00, 0.00)
01162 -- (0.00, 0.00)
01163 -- (0.00, 0.00)
01164 -- (0.00, 0.00)
01165 -- (0.00, 0.00)
01166 -- (0.00, 0.00)
01167 -- (0.00, 0.00)
01168 -- (0.00, 0.00)
01169 -- (0.00, 0.00)
01170 -- (0.00, 0.00)
01171 -- (0.00, 0.00)
01172 -- (0.00, 0.00)
01173 -- (0.00, 0.00)
01174 -- (0.00, 0.00)
01175 -- (0.00, 0.00)
01176 -- (0.00, 0.00)
01177 -- (0.00, 0.00)
01178 -- (0.00, 0.00)
01179 -- (0.00, 0.00)
01180 -- (0.00, 0.00)
01181 -- (0.00, 0.00)
01182 -- (0.00, 0.00)
01183 -- (0.00, 0.00)
01184 -- (0.00, 0.00)
01185 -- (0.00, 0.00)
01186 -- (0.00, 0.00)
01187 -- (0.00, 0.00)
01188 -- (0.00, 0.00)
01189 -- (0.00, 0.00)
01190 -- (0.00, 0.00)
01191 -- (0.00, 0.00)
01192 -- (0.00, 0.00)
01193 -- (0.00, 0.00)
01194 -- (0.00, 0.00)
01195 -- (0.00, 0.00)
01196 -- (0.00, 0.00)
01197 -- (0.00, 0.00)
01198 -- (0.00, 0.00)
01199 -- (0.00, 0.00)
01200 -- (0.00, 0.00)
01201 -- (0.00, 0.00)
01202 -- (0.00, 0.00)
01203 -- (0.00, 0.00)
01204 -- (0.00, 0.00)
01205 -- (0.00, 0.00)
01206 -- (0.00, 0.00)
01207 -- (0.00, 0.00)
01208 -- (0.00, 0.00)
01209 -- (0.00, 0.00)
01210 -- (0.00, 0.00)
01211 -- (0.00, 0.00)
01212 -- (0.00, 0.00)
01213 -- (0.00, 0.00)
01214 -- (0.00, 0.00)
01215 -- (0.00, 0.00)
01216 -- (0.00, 0.00)
01217 -- (0.00, 0.00)
01218 -- (0.00, 0.00)
01219 -- (0.00, 0.00)
01220 -- (0.00, 0.00)
01221 -- (0.00, 0.00)
01222 -- (0.00, 0.00)
01223 -- (0.00, 0.00)
01224 -- (0.00, 0.00)
01225 -- (0.00, 0.00)
01226 -- (0.00, 0.00)
01227 -- (0.00, 0.00)
01228 -- (0.00, 0.00)
01229 -- (0.00, 0.00)
01230 -- (0.00, 0.00)
01231 -- (0.00, 0.00)
01232 -- (0.00, 0.00)
01233 -- (0.00, 0.00)
01234 -- (0.00, 0.00)
01235 -- (0.00, 0.00)
01236 -- (0.00, 0.00)
01237 -- (0.00, 0.00)
01238 -- (0.00, 0.00)
01239 -- (0.00, 0.00)
01240 -- (0.00, 0.00)
01241 -- (0.00, 0.00)
01242 -- (0.00, 0.00)
01243 -- (0.00, 0.00)
01244 -- (0.00, 0.00)
01245 -- (0.00, 0.00)
01246 -- (0.00, 0.00)
01247 -- (0.00, 0.00)
01248 -- (0.00, 0.00)
01249 -- (0.00, 0.00)
01250 -- (0.00, 0.00)
01251 -- (0.00, 0.00)
01252 -- (0.00, 0.00)
01253 -- (0.00, 0.00)
01254 -- (0.00, 0.00)
01255 -- (0.00, 0.00)
01256 -- (0.00, 0.00)
01257 -- (0.00, 0.00)
01258 -- (0.00, 0.00)
01259 -- (0.00, 0.00)
01260 -- (0.00, 0.00)
01261 -- (0.00, 0.00)
01262 -- (0.00, 0.00)
01263 -- (0.00, 0.00)
01264 -- (0.00, 0.00)
01265 -- (0.00, 0.00)
01266 -- (0.00, 0.00)
01267 -- (0.00, 0.00)
01268 -- (0.00, 0.00)
01269 -- (0.00, 0.00)
01270 -- (0.00, 0.00)
01271 -- (0.00, 0.00)
01272 -- (0.00, 0.00)
01273 -- (0.00, 0.00)
01274 -- (0.00, 0.00)
01275 -- (0.00, 0.00)
01276 -- (0.00, 0.00)
01277 -- (0.00, 0.00)
01278 -- (0.00, 0.00)
01279 -- (0.00, 0.00)
01280 -- (0.00, 0.00)
01281 -- (0.00, 0.00)
01282 -- (0.00, 0.00)
01283 -- (0.00, 0.00)
01284 -- (0.00, 0.00)
01285 -- (0.00, 0.00)
01286 -- (0.00, 0.00)
01287 -- (0.00, 0.00)
01288 -- (0.00, 0.00)
01289 -- (0.00, 0.00)
01290 -- (0.00, 0.00)
01291 -- (0.00, 1.00)
01292 -- (0.00, 1.00)
01293 -- (0.00, 1.00)
01294 -- (0.00, 1.00)
01295 -- (0.00, 1.00)
01296 -- (0.00, 1.00)
01297 -- (0.00, 1.00)
01298 -- (0.00, 1.00)
01299 -- (0.00, 1.00)
01300 -- (0.00, 1.00)
01301 -- (0.00, 1.00)
01302 -- (0.00, 1.00)
01303 -- (0.00, 1.00)
01304 -- (0.00, 1.00)
01305 -- (0.00, 1.00)
01306 -- (0.00, 1.00)
01307 -- (0.00, 1.00)
01308 -- (0.00, 1.00)
01309 -- (0.00, 1.00)
01310 -- (0.00, 1.00)
01311 -- (0.00, 1.00)
01312 -- (0.00, 1.00)
01313 -- (0.00, 1.00)
01314 -- (0.00, 1.00)
01315 -- (0.00, 1.00)
01316 -- (0.00, 1.00)
01317 -- (0.00, 1.00)
01318 -- (0.00, 1.00)
01319 -- (0.00, 1.00)
01320 -- (0.00, 1.00)
01321 -- (0.00, 1.00)
01322 -- (0.00, 1.00)
01323 -- (0.00, 1.00)
01324 -- (0.00, 1.00)
01325 -- (0.00, 1.00)
01326 -- (0.00, 1.00)
01327 -- (0.00, 1.00)
01328 -- (0.00, 1.00)
01329 -- (0.00, 1.00)
01330 -- (0.00, 1.00)
01331 -- (0.00, 1.00)
01332 -- (0.00, 1.00)
01333 -- (0.00, 1.00)
01334 -- (0.00, 1.00)
01335 -- (0.00, 1.00)
01336 -- (0.00, 1.00)
01337 -- (0.00, 1.00)
01338 -- (0.00, 1.00)
01339 -- (0.00, 1.00)
01340 -- (0.00, 1.00)
01341 -- (0.00, 1.00)
01342 -- (0.00, 1.00)
01343 -- (0.00, 1.00)
01344 -- (0.00, 1.00)
01345 -- (0.00, 1.00)
01346 -- (0.00, 1.00)
01347 -- (0.00, 1.00)
01348 -- (0.00, 1.00)
01349 -- (0.00, 1.00)
01350 -- (0.00, 1.00)
01351 -- (0.00, 1.00)
01352 -- (0.00, 1.00)
01353 -- (0.00, 1.00)
01354 -- (0.00, 1.00)
01355 -- (0.00, 1.00)
01356 -- (0.00, 1.00)
01357 -- (0.00, 1.00)
01358 -- (0.00, 1.00)
01359 -- (0.00, 1.00)
01360 -- (0.00, 1.00)
01361 -- (0.00, 1.00)
01362 -- (0.00, 1.00)
01363 -- (0.00, 1.00)
01364 -- (0.00, 1.00)
01365 -- (0.00, 1.00)
01366 -- (0.00, 1.00)
01367 -- (0.00, 1.00)
01368 -- (0.00, 1.00)
01369 -- (0.00, 1.00)
01370 -- (0.00, 1.00)
01371 -- (0.00, 1.00)
01372 -- (0.00, 1.00)
01373 -- (0.00, 1.00)
01374 -- (0.00, 1.00)
01375 -- (0.00, 1.00)
01376 -- (0.00, 1.00)
01377 -- (0.00, 1.00)
01378 -- (0.00, 1.00)
01379 -- (0.00, 1.00)
01380 -- (0.00, 1.00)
01381 -- (0.00, 1.00)
01382 -- (0.00, 1.00)
01383 -- (0.00, 1.00)
01384 -- (0.00, 1.00)
01385 -- (0.00, 1.00)
01386 -- (0.00, 1.00)
01387 -- (0.00, 1.00)
01388 -- (0.00, 1.00)
01389 -- (0.00, 1.00)
01390 -- (0.00, 1.00)
01391 -- (0.00, 1.00)
01392 -- (0.00, 1.00)
01393 -- (0.00, 1.00)
01394 -- (0.00, 1.00)
01395 -- (0.00, 1.00)
01396 -- (0.00, 1.00)
01397 -- (0.00, 1.00)
01398 -- (0.00, 1.00)
01399 -- (0.00, 1.00)
01400 -- (0.00, 1.00)
01401 -- (0.00, 1.00)
01402 -- (0.00, 1.00)
01403 -- (0.00, 1.00)
01404 -- (0.00, 1.00)
01405 -- (0.00, 1.00)
01406 -- (0.00, 1.00)
01407 -- (0.00, 1.00)
01408 -- (0.00, 1.00)
01409 -- (0.00, 1.00)
01410 -- (0.00, 1.00)
01411 -- (0.00, 1.00)
01412 -- (0.00, 1.00)
01413 -- (0.00, 1.00)
01414 -- (0.00, 1.00)
01415 -- (0.00, 1.00)
01416 -- (0.00, 1.00)
01417 -- (0.00, 1.00)
01418 -- (0.00, 1.00)
01419 -- (0.00, 1.00)
01420 -- (0.00, 1.00)
01421 -- (0.00, 1.00)
01422 -- (0.00, 1.00)
01423 -- (0.00, 1.00)
01424 -- (0.00, 1.00)
01425 -- (0.00, 1.00)
01426 -- (0.00, 1.00)
01427 -- (0.00, 1.00)
01428 -- (0.00, 1.00)
01429 -- (0.00, 1.00)
01430 -- (0.00, 1.00)
01431 -- (0.00, 1.00)
01432 -- (0.00, 1.00)
01433 -- (0.00, 1.00)
01434 -- (0.00, 1.00)
01435 -- (0.00, 1.00)
01436 -- (0.00, 1.00)
01437 -- (0.00, 1.00)
01438 -- (0.00, 1.00)
01439 -- (0.00, 1.00)
01440 -- (0.00, 1.00)
01441 -- (0.00, 1.00)
01442 -- (0.00, 1.00)
01443 -- (0.00, 1.00)
01444 -- (0.00, 1.00)
01445 -- (0.00, 1.00)
01446 -- (0.00, 0.00)
01447 -- (0.00, 0.00)
01448 -- (0.00, 0.00)
01449 -- (0.00, 0.00)
01450 -- (0.00, 0.00)
01451 -- (0.00, 0.00)
01452 -- (0.00, 0.00)
01453 -- (0.00, 0.00)
01454 -- (0.00, 0.00)
01455 -- (0.00, 0.00)
01456 -- (0.00, -1.00)
01457 -- (0.00, -1.00)
01458 -- (0.00, -1.00)
01459 -- (0.00, -1.00)
01460 -- (0.00, -1.00)
01461 -- (0.00, -1.00)
01462 -- (0.00, -1.00)
01463 -- (0.00, -1.00)
01464 -- (0.00, -1.00)
01465 -- (0.00, -1.00)
01466 -- (0.00, -1.00)
01467 -- (0.00, -1.00)
01468 -- (0.00, -1.00)
01469 -- (0.00, -1.00)
01470 -- (0.00, -1.00)
01471 -- (0.00, -1.00)
01472 -- (0.00, -1.00)
01473 -- (0.00, -1.00)
01474 -- (0.00, -1.00)
01475 -- (0.00, -1.00)
01476 -- (0.00, -1.00)
01477 -- (0.00, -1.00)
01478 -- (0.00, -1.00)
01479 -- (0.00, -1.00)
01480 -- (0.00, -1.00)
01481 -- (0.00, -1.00)
01482 -- (0.00, -1.00)
01483 -- (0.00, -1.00)
01484 -- (0.00, -1.00)
01485 -- (0.00, -1.00)
01486 -- (0.00, -1.00)
01487 -- (0.00, -1.00)
01488 -- (0.00, -1.00)
01489 -- (0.00, -1.00)
01490 -- (0.00, -1.00)
01491 -- (0.00, -1.00)
01492 -- (0.00, -1.00)
01493 -- (0.00, -1.00)
01494 -- (0.00, -1.00)
01495 -- (0.00, -1.00)
01496 -- (0.00, -1.00)
01497 -- (0.00, -1.00)
01498 -- (0.00, -1.00)
01499 -- (0.00, -1.00)
01500 -- (0.00, -1.00)
01501 -- (0.00, -1.00)
01502 -- (0.00, -1.00)
01503 -- (0.00, -1.00)
01504 -- (0.00, -1.00)
01505 -- (0.00, -1.00)
01506 -- (0.00, -1.00)
01507 -- (0.00, -1.00)
01508 -- (0.00, -1.00)
01509 -- (0.00, -1.00)
01510 -- (0.00, -1.00)
01511 -- (0.00, -1.00)
01512 -- (0.00, -1.00)
01513 -- (0.00, -1.00)
01514 -- (0.00, -1.00)
01515 -- (0.00, -1.00)
01516 -- (0.00, -1.00)
01517 -- (0.00, -1.00)
01518 -- (0.00, -1.00)
01519 -- (0.00, -1.00)
01520 -- (0.00, -1.00)
01521 -- (0.00, -1.00)
01522 -- (0.00, -1.00)
01523 -- (0.00, -1.00)
01524 -- (0.00, -1.00)
01525 -- (0.00, -1.00)
01526 -- (0.00, -1.00)
01527 -- (0.00, -1.00)
01528 -- (0.00, -1.00)
01529 -- (0.00, -1.00)
01530 -- (0.00, -1.00)
01531 -- (0.00, -1.00)
01532 -- (0.00, -1.00)
01533 -- (0.00, -1.00)
01534 -- (0.00, -1.00)
01535 -- (0.00, -1.00)
01536 -- (0.00, -1.00)
01537 -- (0.00, -1.00)
01538 -- (0.00, -1.00)
01539 -- (0.00, -1.00)
01540 -- (0.00, -1.00)
01541 -- (0.00, -1.00)
01542 -- (0.00, -1.00)
01543 -- (0.00, -1.00)
01544 -- (0.00, -1.00)
01545 -- (0.00, -1.00)
01546 -- (0.00, -1.00)
01547 -- (0.00, -1.00)
01548 -- (0.00, -1.00)
01549 -- (0.00, -1.00)
01550 -- (0.00, -1.00)
01551 -- (0.00, -1.00)
01552 -- (0.00, -1.00)
01553 -- (0.00, -1.00)
01554 -- (0.00, -1.00)
01555 -- (0.00, -1.00)
01556 -- (0.00, -1.00)
01557 -- (0.00, -1.00)
01558 -- (0.00, -1.00)
01559 -- (0.00, -1.00)
01560 -- (0.00, -1.00)
01561 -- (0.00, -1.00)
01562 -- (0.00, -1.00)
01563 -- (0.00, -1.00)
01564 -- (0.00, -1.00)
01565 -- (0.00, -1.00)
01566 -- (0.00, -1.00)
01567 -- (0.00, -1.00)
01568 -- (0.00, -1.00)
01569 -- (0.00, -1.00)
01570 -- (0.00, -1.00)
01571 -- (0.00, -1.00)
01572 -- (0.00, -1.00)
01573 -- (0.00, -1.00)
01574 -- (0.00, -1.00)
01575 -- (0.00, -1.00)
01576 -- (0.00, -1.00)
01577 -- (0.00, -1.00)
01578 -- (0.00, -1.00)
01579 -- (0.00, -1.00)
01580 -- (0.00, -1.00)
01581 -- (0.00, -1.00)
01582 -- (0.00, -1.00)
01583 -- (0.00, -1.00)
01584 -- (0.00, -1.00)
01585 -- (0.00, -1.00)
01586 -- (0.00, -1.00)
01587 -- (0.00, -1.00)
01588 -- (0.00, -1.00)
01589 -- (0.00, -1.00)
01590 -- (0.00, -1.00)
01591 -- (0.00, -1.00)
01592 -- (0.00, -1.00)
01593 -- (0.00, -1.00)
01594 -- (0.00, -1.00)
01595 -- (0.00, -1.00)
01596 -- (0.00, -1.00)
01597 -- (0.00, -1.00)
01598 -- (0.00, -1.00)
01599 -- (0.00, -1.00)
01600 -- (0.00, -1.00)
01601 -- (0.00, 0.00)
01602 -- (0.00, 0.00)
01603 -- (0.00, 0.00)
01604 -- (0.00, 0.00)
01605 -- (0.00, 0.00)
01606 -- (0.00, 0.00)
01607 -- (0.00, 0.00)
01608 -- (0.00, 0.00)
01609 -- (0.00, 0.00)
01610 -- (0.00, 0.00)
01611 -- (0.00, 0.00)
01612 -- (0.00, 0.00)
01613 -- (0.00, 0.00)
01614 -- (0.00, 0.00)
01615 -- (0.00, 0.00)
01616 -- (0.00, 0.00)
01617 -- (0.00, 0.00)
01618 -- (0.00, 0.00)
01619 -- (0.00, 0.00)
01620 -- (0.00, 0.00)
01621 -- (0.00, 0.00)
01622 -- (0.00, 0.00)
01623 -- (0.00, -1.00)
01624 -- (0.00, -1.00)
01625 -- (0.00, -1.00)
01626 -- (0.00, -1.00)
01627 -- (0.00, -1.00)
01628 -- (0.00, -1.00)
01629 -- (0.00, 0.00)
01630 -- (0.00, 0.00)
01631 -- (0.00, 0.00)
01632 -- (0.00, 0.00)
01633 -- (0.00, 0.00)
01634 -- (0.00, 0.00)
01635 -- (0.00, 0.00)
01636 -- (0.00, 0.00)
01637 -- (0.00, 0.00)
01638 -- (0.00, 0.00)
01639 -- (0.00, 0.00)
01640 -- (0.00, 0.00)
01641 -- (0.00, 0.00)
01642 -- (0.00, 0.00)
01643 -- (0.00, 0.00)
01644 -- (0.00, 0.00)
01645 -- (0.00, 0.00)
01646 -- (0.00, 0.00)
01647 -- (0.00, 0.00)
01648 -- (0.00, 0.00)
01649 -- (0.00, 0.00)
01650 -- (0.00, 0.00)
01651 -- (0.00, 0.00)
01652 -- (0.00, 0.00)
01653 -- (0.00, 0.00)
01654 -- (0.00, 0.00)
01655 -- (0.00, 0.00)
01656 -- (0.00, 0.00)
01657 -- (0.00, 0.00)
01658 -- (0.00, 0.00)
01659 -- (0.00, 0.00)
01660 -- (0.00, 0.00)
01661 -- (0.00, 0.00)
01662 -- (0.00, 0.00)
01663 -- (0.00, 0.00)
01664 -- (0.00, 0.00)
01665 -- (0.00, 0.00)
01666 -- (0.00, 0.00)
01667 -- (0.00, 0.00)
01668 -- (0.00, 0.00)
01669 -- (0.00, 0.00)
01670 -- (0.00, 0.00)
01671 -- (0.00, 0.00)
01672 -- (0.00, 0.00)
01673 -- (0.00, 0.00)
01674 -- (0.00, 0.00)
01675 -- (0.00, 0.00)
01676 -- (0.00, 0.00)
01677 -- (0.00, 0.00)
01678 -- (0.00, 0.00)
01679 -- (0.00, 0.00)
01680 -- (0.00, 0.00)
01681 -- (0.00, 0.00)
01682 -- (0.00, 0.00)
01683 -- (0.00, 0.00)
01684 -- (0.00, 0.00)
01685 -- (0.00, 0.00)
01686 -- (0.00, 0.00)
01687 -- (0.00, 0.00)
01688 -- (0.00, 0.00)
01689 -- (0.00, 0.00)
01690 -- (0.00, 0.00)
01691 -- (0.00, 0.00)
01692 -- (0.00, 0.00)
01693 -- (0.00, 0.00)
01694 -- (0.00, 0.00)
01695 -- (0.00, 0.00)
01696 -- (0.00, 0.00)
01697 -- (0.00, 0.00)
01698 -- (0.00, 0.00)
01699 -- (0.00, 0.00)
01700 -- (0.00, 0.00)
01701 -- (0.00, 0.00)
01702 -- (0.00, 0.00)
01703 -- (0.00, 0.00)
01704 -- (0.00, 0.00)
01705 -- (0.00, 0.00)
01706 -- (0.00, 0.00)
01707 -- (0.00, 0.00)
01708 -- (0.00, 0.00)
01709 -- (0.00, 0.00)
01710 -- (0.00, 0.00)
01711 -- (0.00, 0.00)
01712 -- (0.00, 0.00)
01713 -- (0.00, 0.00)
01714 -- (0.00, 0.00)
01715 -- (0.00, 0.00)
01716 -- (0.00, 0.00)
01717 -- (0.00, 0.00)
01718 -- (0.00, 0.00)
01719 -- (0.00, 0.00)
01720 -- (0.00, 0.00)
01721 -- (0.00, 0.00)
01722 -- (0.00, 0.00)
01723 -- (0.00, 0.00)
01724 -- (0.00, 0.00)
01725 -- (-1.00, 0.00)
01726 -- (-1.00, 0.00)
01727 -- (-1.00, 0.00)
01728 -- (-1.00, 0.00)
01729 -- (-1.00, 0.00)
01730 -- (-1.00, 0.00)
01731 -- (-1.00, 0.00)
01732 -- (-1.00, 0.00)
01733 -- (-1.00, 0.00)
01734 -- (-1.00, 0.00)
01735 -- (-1.00, 0.00)
01736 -- (-1.00, 0.00)
01737 -- (-1.00, 0.00)
01738 -- (-1.00, 0.00)
01739 -- (-1.00, 0.00)
01740 -- (0.00, 0.00)
01741 -- (0.00, 0.00)
01742 -- (0.00, 0.00)
01743 -- (0.00, 0.00)
01744 -- (0.00, 0.00)
01745 -- (0.00, 0.00)
01746 -- (1.00, 0.00)
01747 -- (1.00, 0.00)
01748 -- (1.00, 0.00)
01749 -- (1.00, 0.00)
01750 -- (1.00, 0.00)
01751 -- (1.00, 0.00)
01752 -- (1.00, 0.00)
01753 -- (1.00, 0.00)
01754 -- (1.00, 0.00)
01755 -- (1.00, 0.00)
01756 -- (1.00, 0.00)
01757 -- (1.00, 0.00)
01758 -- (1.00, 0.00)
01759 -- (1.00, 0.00)
01760 -- (1.00, 0.00)
01761 -- (1.00, 0.00)
01762 -- (1.00, 0.00)
01763 -- (1.00, 0.00)
01764 -- (1.00, 0.00)
01765 -- (1.00, 0.00)
01766 -- (1.00, 0.00)
01767 -- (1.00, 0.00)
01768 -- (1.00, 0.00)
01769 -- (1.00, 0.00)
01770 -- (1.00, 0.00)
01771 -- (1.00, 0.00)
01772 -- (1.00, 0.00)
01773 -- (1.00, 0.00)
01774 -- (1.00, 0.00)
01775 -- (1.00, 0.00)
01776 -- (1.00, 0.00)
01777 -- (1.00, 0.00)
01778 -- (1.00, 0.00)
01779 -- (0.71, 0.71)
01780 -- (0.71, 0.71)
01781 -- (0.71, 0.71)
01782 -- (0.71, 0.71)
01783 -- (0.00, 1.00)
01784 -- (0.00, 1.00)
01785 -- (0.00, 1.00)
01786 -- (0.00, 1.00)
01787 -- (0.00, 1.00)
01788 -- (0.00, 1.00)
01789 -- (0.00, 1.00)
01790 -- (0.00, 1.00)
01791 -- (-0.71, 0.71)
01792 -- (-0.71, 0.71)
01793 -- (-0.71, 0.71)
01794 -- (-0.71, 0.71)
01795 -- (-0.71, 0.71)
01796 -- (-0.71, 0.71)
01797 -- (-0.71, 0.71)
01798 -- (-1.00, 0.00)
01799 -- (-1.00, 0.00)
01800 -- (-1.00, 0.00)
01801 -- (-1.00, 0.00)
01802 -- (-1.00, 0.00)
01803 -- (-1.00, 0.00)
01804 -- (-1.00, 0.00)
01805 -- (-1.00, 0.00)
01806 -- (-1.00, 0.00)
01807 -- (-0.71, -0.71)
01808 -- (-0.71, -0.71)
01809 -- (-0.71, -0.71)
01810 -- (-0.71, -0.71)
01811 -- (-0.71, -0.71)
01812 -- (-0.71, -0.71)
01813 -- (-0.71, -0.71)
01814 -- (-0.71, -0.71)
01815 -- (0.00, -1.00)
01816 -- (0.00, -1.00)
01817 -- (0.00, -1.00)
01818 -- (0.00, -1.00)
01819 -- (0.00, -1.00)
01820 -- (0.00, -1.00)
01821 -- (0.00, -1.00)
01822 -- (0.00, -1.00)
01823 -- (0.00, -1.00)
01824 -- (0.00, -1.00)
01825 -- (0.71, -0.71)
01826 -- (0.71, -0.71)
01827 -- (0.71, -0.71)
01828 -- (0.71, -0.71)
01829 -- (0.71, -0.71)
01830 -- (0.71, -0.71)
01831 -- (0.71, -0.71)
01832 -- (0.71, -0.71)
01833 -- (0.71, -0.71)
01834 -- (1.00, 0.00)
01835 -- (1.00, 0.00)
01836 -- (1.00, 0.00)
01837 -- (1.00, 0.00)
01838 -- (1.00, 0.00)
01839 -- (1.00, 0.00)
01840 -- (1.00, 0.00)
01841 -- (0.71, 0.71)
01842 -- (0.71, 0.71)
01843 -- (0.71, 0.71)
01844 -- (0.00, 1.00)
01845 -- (-0.71, 0.71)
01846 -- (-0.71, 0.71)
01847 -- (-0.71, 0.71)
01848 -- (-0.71, 0.71)
01849 -- (-0.71, 0.71)
01850 -- (-0.71, 0.71)
01851 -- (-0.71, 0.71)
01852 -- (-0.71, 0.71)
01853 -- (-0.71, 0.71)
01854 -- (-0.71, 0.71)
01855 -- (-0.71, 0.71)
01856 -- (-0.71, 0.71)
01857 -- (-0.71, 0.71)
01858 -- (-0.71, 0.71)
01859 -- (-0.71, 0.71)
01860 -- (-0.71, 0.71)
01861 -- (-0.71, 0.71)
01862 -- (-0.71, 0.71)
01863 -- (-0.71, 0.71)
01864 -- (0.00, 1.00)
01865 -- (0.00, 1.00)
01866 -- (0.00, 1.00)
01867 -- (0.00, 1.00)
01868 -- (0.00, 1.00)
01869 -- (0.00, 1.00)
01870 -- (0.00, 1.00)
01871 -- (0.00, 1.00)
01872 -- (0.71, 0.71)
01873 -- (0.71, 0.71)
01874 -- (0.71, 0.71)
01875 -- (0.71, 0.71)
01876 -- (0.71, 0.71)
01877 -- (0.71, 0.71)
01878 -- (0.71, 0.71)
01879 -- (0.71, 0.71)
01880 -- (0.71, 0.71)
01881 -- (0.71, 0.71)
01882 -- (0.71, 0.71)
01883 -- (0.71, 0.71)
01884 -- (0.71, 0.71)
01885 -- (0.71, 0.71)
01886 -- (0.71, 0.71)
01887 -- (0.71, 0.71)
01888 -- (0.71, 0.71)
01889 -- (0.71, 0.71)
01890 -- (0.71, 0.71)
01891 -- (0.71, 0.71)
01892 -- (0.71, 0.71)
01893 -- (0.71, 0.71)
01894 -- (0.71, 0.71)
01895 -- (0.71, 0.71)
01896 -- (0.71, 0.71)
01897 -- (0.71, 0.71)
01898 -- (0.71, 0.71)
01899 -- (0.71, 0.71)
01900 -- (0.71, 0.71)
01901 -- (0.00, 1.00)
01902 -- (0.00, 0.00)
01903 -- (0.00, 0.00)
01904 -- (-1.00, 0.00)
01905 -- (-1.00, 0.00)
01906 -- (-1.00, 0.00)
01907 -- (-1.00, 0.00)
01908 -- (-1.00, 0.00)
01909 -- (-1.00, 0.00)
01910 -- (-1.00, 0.00)
01911 -- (-1.00, 0.00)
01912 -- (-1.00, 0.00)
01913 -- (-1.00, 0.00)
01914 -- (-0.71, -0.71)
01915 -- (-0.71, -0.71)
01916 -- (-0.71, -0.71)
01917 -- (-0.71, -0.71)
01918 -- (-0.71, -0.71)
01919 -- (-0.71, -0.71)
01920 -- (-0.71, -0.71)
01921 -- (-0.71, -0.71)
01922 -- (-0.71, -0.71)
01923 -- (-0.71, -0.71)
01924 -- (-0.71, -0.71)
01925 -- (-0.71, -0.71)
01926 -- (-0.71, -0.71)
01927 -- (-0.71, -0.71)
01928 -- (-0.71, -0.71)
01929 -- (-0.71, -0.71)
01930 -- (-0.71, -0.71)
01931 -- (-0.71, -0.71)
01932 -- (-0.71, -0.71)
01933 -- (-0.71, -0.71)
01934 -- (0.00, -1.00)
01935 -- (0.00, -1.00)
01936 -- (0.00, -1.00)
01937 -- (0.00, -1.00)
01938 -- (0.00, -1.00)
01939 -- (0.00, -1.00)
01940 -- (0.00, -1.00)
01941 -- (0.00, -1.00)
01942 -- (0.00, -1.00)
01943 -- (0.71, -0.71)
01944 -- (0.71, -0.71)
01945 -- (0.71, -0.71)
01946 -- (0.71, -0.71)
01947 -- (0.71, -0.71)
01948 -- (0.71, -0.71)
01949 -- (0.71, -0.71)
01950 -- (0.71, -0.71)
01951 -- (0.71, -0.71)
01952 -- (0.71, -0.71)
01953 -- (0.71, -0.71)
01954 -- (0.71, -0.71)
01955 -- (0.71, -0.71)
01956 -- (0.71, -0.71)
01957 -- (0.71, -0.71)
01958 -- (0.71, -0.71)
01959 -- (0.71, -0.71)
01960 -- (1.00, 0.00)
01961 -- (1.00, 0.00)
01962 -- (1.00, 0.00)
01963 -- (1.00, 0.00)
01964 -- (1.00, 0.00)
01965 -- (1.00, 0.00)
01966 -- (1.00, 0.00)
01967 -- (1.00, 0.00)
01968 -- (1.00, 0.00)
01969 -- (1.00, 0.00)
01970 -- (1.00, 0.00)
01971 -- (0.00, 0.00)
01972 -- (0.00, 0.00)
01973 -- (-1.00, 0.00)
01974 -- (-1.00, 0.00)
01975 -- (-1.00, 0.00)
01976 -- (-1.00, 0.00)
01977 -- (-1.00, 0.00)
01978 -- (-1.00, 0.00)
01979 -- (-1.00, 0.00)
01980 -- (-1.00, 0.00)
01981 -- (-1.00, 0.00)
01982 -- (-1.00, 0.00)
01983 -- (-1.00, 0.00)
01984 -- (-1.00, 0.00)
01985 -- (-1.00, 0.00)
01986 -- (-1.00, 0.00)
01987 -- (-1.00, 0.00)
01988 -- (-1.00, 0.00)
01989 -- (-1.00, 0.00)
01990 -- (-0.71, 0.71)
01991 -- (-0.71, 0.71)
01992 -- (-0.71, 0.71)
01993 -- (-0.71, 0.71)
01994 -- (-0.71, 0.71)
01995 -- (-0.71, 0.71)
01996 -- (0.00, 1.00)
01997 -- (0.00, 1.00)
01998 -- (0.00, 1.00)
01999 -- (0.00, 1.00)
02000 -- (0.00, 1.00)
02001 -- (0.00, 1.00)
02002 -- (0.00, 1.00)
02003 -- (0.00, 1.00)
02004 -- (0.00, 1.00)
02005 -- (0.00, 1.00)
02006 -- (0.00, 1.00)
02007 -- (0.00, 1.00)
02008 -- (0.71, 0.71)
02009 -- (0.71, 0.71)
02010 -- (0.71, 0.71)
02011 -- (0.71, 0.71)
02012 -- (0.71, 0.71)
02013 -- (0.71, 0.71)
02014 -- (0.71, 0.71)
02015 -- (0.71, 0.71)
02016 -- (0.71, 0.71)
02017 -- (1.00, 0.00)
02018 -- (1.00, 0.00)
02019 -- (1.00, 0.00)
02020 -- (1.00, 0.00)
02021 -- (1.00, 0.00)
02022 -- (1.00, 0.00)
02023 -- (1.00, 0.00)
02024 -- (0.00, 0.00)
02025 -- (-1.00, 0.00)
02026 -- (-1.00, 0.00)
02027 -- (-1.00, 0.00)
02028 -- (-1.00, 0.00)
02029 -- (-1.00, 0.00)
02030 -- (-1.00, 0.00)
02031 -- (-1.00, 0.00)
02032 -- (-1.00, 0.00)
02033 -- (-0.71, -0.71)
02034 -- (-0.71, -0.71)
02035 -- (-0.71, -0.71)
02036 -- (-0.71, -0.71)
02037 -- (-0.71, -0.71)
02038 -- (-0.71, -0.71)
02039 -- (-0.71, -0.71)
02040 -- (-0.71, -0.71)
02041 -- (-0.71, -0.71)
02042 -- (-0.71, -0.71)
02043 -- (-0.71, -0.71)
02044 -- (-0.71, -0.71)
02045 -- (-0.71, -0.71)
02046 -- (-0.71, -0.71)
02047 -- (-0.71, -0.71)
02048 -- (-0.71, -0.71)
02049 -- (0.00, -1.00)
02050 -- (0.00, -1.00)
02051 -- (0.00, -1.00)
02052 -- (0.71, -0.71)
02053 -- (0.71, -0.71)
02054 -- (0.71, -0.71)
02055 -- (0.71, -0.71)
02056 -- (0.71, -0.71)
02057 -- (0.71, -0.71)
02058 -- (0.71, -0.71)
02059 -- (0.71, -0.71)
02060 -- (1.00, 0.00)
02061 -- (1.00, 0.00)
02062 -- (1.00, 0.00)
02063 -- (1.00, 0.00)
02064 -- (1.00, 0.00)
02065 -- (1.00, 0.00)
02066 -- (0.00, 0.00)
02067 -- (0.00, 0.00)
02068 -- (0.00, 0.00)
02069 -- (0.00, 0.00)
02070 -- (0.00, 0.00)
02071 -- (0.00, 0.00)
02072 -- (0.00, 0.00)
02073 -- (0.00, 0.00)
02074 -- (0.00, 0.00)
02075 -- (0.00, 0.00)
02076 -- (0.00, 0.00)
02077 -- (0.00, 0.00)
02078 -- (0.00, 0.00)
02079 -- (0.00, 0.00)
02080 -- (0.00, 0.00)
02081 -- (0.00, 0.00)
02082 -- (-1.00, 0.00)
02083 -- (-1.00, 0.00)
02084 -- (-1.00, 0.00)
02085 -- (-1.00, 0.00)
02086 -- (-1.00, 0.00)
02087 -- (-1.00, 0.00)
02088 -- (-1.00, 0.00)
02089 -- (-1.00, 0.00)
02090 -- (-1.00, 0.00)
02091 -- (-1.00, 0.00)
02092 -- (-1.00, 0.00)
02093 -- (0.00, 0.00)
02094 -- (0.00, 0.00)
02095 -- (0.00, 0.00)
02096 -- (0.00, 0.00)
02097 -- (0.00, 0.00)
02098 -- (0.00, 0.00)
02099 -- (0.00, 0.00)
02100 -- (0.00, 0.00)
02101 -- (0.00, 0.00)
02102 -- (0.00, 0.00)
02103 -- (0.00, 0.00)
02104 -- (0.00, 0.00)
02105 -- (0.00, 0.00)
02106 -- (0.00, 0.00)
02107 -- (0.00, -1.00)
02108 -- (0.00, -1.00)
02109 -- (0.00, -1.00)
02110 -- (0.00, -1.00)
02111 -- (0.00, -1.00)
02112 -- (0.00, -1.00)
02113 -- (0.00, 0.00)
02114 -- (0.00, 0.00)
02115 -- (0.00, 0.00)
02116 -- (0.00, 0.00)
02117 -- (0.00, 0.00)
02118 -- (0.00, 0.00)
02119 -- (0.00, 0.00)
02120 -- (0.00, 0.00)
02121 -- (0.00, 0.00)
02122 -- (1.00, 0.00)
02123 -- (1.00, 0.00)
02124 -- (1.00, 0.00)
02125 -- (1.00, 0.00)
02126 -- (1.00, 0.00)
02127 -- (0.00, 0.00)
02128 -- (0.00, 0.00)
02129 -- (0.00, 0.00)
02130 -- (0.00, 0.00)
02131 -- (0.00, 0.00)
02132 -- (0.00, 0.00)
02133 -- (0.00, 0.00)
02134 -- (0.00, 0.00)
02135 -- (0.00, 0.00)
02136 -- (0.00, 0.00)
02137 -- (0.00, 0.00)
02138 -- (0.00, 0.00)
02139 -- (0.00, 0.00)
02140 -- (0.00, 0.00)
02141 -- (0.00, 0.00)
02142 -- (0.00, 0.00)
02143 -- (0.00, 0.00)
02144 -- (0.00, 0.00)
02145 -- (0.00, 0.00)
02146 -- (0.00, 0.00)
02147 -- (0.00, 0.00)
02148 -- (0.00, 0.00)
02149 -- (0.00, 0.00)
02150 -- (0.00, 0.00)
02151 -- (0.00, 0.00)
02152 -- (0.00, 0.00)
02153 -- (0.00, 0.00)
02154 -- (0.00, 0.00)
02155 -- (0.00, 0.00)
02156 -- (0.00, 0.00)
02157 -- (0.00, 0.00)
02158 -- (0.00, 0.00)
02159 -- (0.00, 0.00)
02160 -- (0.00, 0.00)
02161 -- (0.00, 0.00)
02162 -- (0.00, 0.00)
02163 -- (0.00, 0.00)
02164 -- (0.00, 0.00)
02165 -- (0.00, 0.00)
02166 -- (0.00, 0.00)
02167 -- (0.00, 0.00)
02168 -- (0.00, 0.00)
02169 -- (0.00, 0.00)
02170 -- (0.00, 0.00)
02171 -- (0.00, 0.00)
02172 -- (0.00, 0.00)
02173 -- (0.00, 0.00)
02174 -- (0.00, 0.00)
02175 -- (0.00, 0.00)
02176 -- (0.00, 0.00)
02177 -- (0.00, 0.00)
02178 -- (0.00, 0.00)
02179 -- (0.00, 0.00)
02180 -- (0.00, 0.00)
02181 -- (0.00, 0.00)
02182 -- (0.00, 0.00)
02183 -- (0.00, 0.00)
02184 -- (0.00, 0.00)
02185 -- (0.00, 0.00)
02186 -- (0.00, 0.00)
02187 -- (0.00, 0.00)
02188 -- (0.00, 0.00)
02189 -- (0.00, 0.00)
02190 -- (0.00, 0.00)
02191 -- (0.00, 0.00)
02192 -- (0.00, 0.00)
02193 -- (0.00, 0.00)
02194 -- (0.00, 0.00)
02195 -- (0.00, 0.00)
02196 -- (0.00, 0.00)
02197 -- (0.00, 0.00)
02198 -- (0.00, 0.00)
02199 -- (0.00, 0.00)
02200 -- (0.00, 0.00)
02201 -- (0.00, 0.00)
02202 -- (0.00, 0.00)
02203 -- (0.00, 0.00)
02204 -- (0.00, 0.00)
02205 -- (0.00, 0.00)
02206 -- (0.00, 0.00)
02207 -- (0.00, 0.00)
02208 -- (0.00, 0.00)
02209 -- (0.00, 0.00)
02210 -- (0.00, 0.00)
02211 -- (0.00, 0.00)
02212 -- (0.00, 0.00)
02213 -- (0.00, 0.00)
02214 -- (0.00, 0.00)
02215 -- (0.00, 0.00)
02216 -- (0.00, 0.00)
02217 -- (0.00, 0.00)
02218 -- (0.00, 0.00)
02219 -- (0.00, 0.00)
02220 -- (0.00, 0.00)
02221 -- (0.00, 0.00)
02222 -- (0.00, 0.00)
02223 -- (0.00, 0.00)
02224 -- (0.00, 0.00)
02225 -- (0.00, 0.00)
02226 -- (0.00, 0.00)
02227 -- (0.00, 0.00)
02228 -- (0.00, 0.00)
02229 -- (0.00, 0.00)
02230 -- (0.00, 0.00)
02231 -- (0.00, 0.00)
02232 -- (0.00, 0.00)
02233 -- (0.00, 0.00)
02234 -- (0.00, 0.00)
02235 -- (0.00, 0.00)
02236 -- (0.00, 0.00)
02237 -- (0.00, 0.00)
02238 -- (0.00, 0.00)
02239 -- (0.00, 0.00)
02240 -- (0.00, 0.00)
02241 -- (0.00, 0.00)
02242 -- (0.00, 0.00)
02243 -- (0.00, 0.00)
02244 -- (0.00, 0.00)
02245 -- (0.00, 0.00)
02246 -- (0.00, 0.00)
02247 -- (0.00, 0.00)
02248 -- (0.00, 0.00)
02249 -- (0.00, 0.00)
02250 -- (0.00, 0.00)
02251 -- (0.00, 0.00)
02252 -- (0.00, 0.00)
02253 -- (0.00, 0.00)
02254 -- (0.00, 0.00)
02255 -- (0.00, 0.00)
02256 -- (0.00, 0.00)
02257 -- (0.00, 0.00)
02258 -- (0.00, 0.00)
02259 -- (0.00, 0.00)
02260 -- (0.00, 0.00)
02261 -- (0.00, 0.00)
02262 -- (0.00, 0.00)
02263 -- (0.00, 0.00)
02264 -- (0.00, 0.00)
02265 -- (0.00, 0.00)
02266 -- (0.00, 0.00)
02267 -- (0.00, 0.00)
02268 -- (0.00, 0.00)
02269 -- (0.00, 0.00)
02270 -- (0.00, 0.00)
02271 -- (0.00, 0.00)
02272 -- (0.00, 0.00)
02273 -- (0.00, 0.00)
02274 -- (0.00, 0.00)
02275 -- (0.00, 0.00)
02276 -- (0.00, 0.00)
02277 -- (0.00, 0.00)
02278 -- (0.00, 0.00)
02279 -- (0.00, 0.00)
02280 -- (0.00, 0.00)
02281 -- (0.00, 0.00)
02282 -- (0.00, 0.00)
02283 -- (0.00, 0.00)
02284 -- (0.00, 0.00)
02285 -- (0.00, 0.00)
02286 -- (0.00, 0.00)
02287 -- (0.00, 0.00)
02288 -- (0.00, 0.00)
02289 -- (0.00, 0.00)
02290 -- (0.00, 0.00)
02291 -- (0.00, 0.00)
02292 -- (0.00, 0.00)
02293 -- (0.00, 0.00)
02294 -- (0.00, 0.00)
02295 -- (0.00, 0.00)
02296 -- (0.00, 0.00)
02297 -- (0.00, 0.00)
02298 -- (0.00, 0.00)
02299 -- (0.00, 0.00)
02300 -- (0.00, 0.00)
02301 -- (0.00, 0.00)
02302 -- (0.00, 0.00)
02303 -- (0.00, 0.00)
02304 -- (0.00, 0.00)
02305 -- (0.00, 0.00)
02306 -- (0.00, 0.00)
02307 -- (0.00, 0.00)
02308 -- (0.00, 0.00)
02309 -- (0.00, 0.00)
02310 -- (0.00, 0.00)
02311 -- (0.00, 0.00)
02312 -- (0.00, 0.00)
02313 -- (0.00, 0.00)
02314 -- (0.00, 0.00)
02315 -- (0.00, 0.00)
02316 -- (0.00, 0.00)
02317 -- (0.00, 0.00)
02318 -- (0.00, 0.00)
02319 -- (0.00, 0.00)
02320 -- (0.00, 0.00)
02321 -- (0.00, 0.00)
